1000
31153 27614
3527 29745
31797 4944
23999 14244
1294 14191
3224 21417
18564 29373
25831 23131
31449 10429
31531 4354
964 15260
7405 29402
1569 17686
13836 20759
4070 22168
8274 13349
1625 1186
4426 25140
8832 16752
6742 12020
4569 19161
28412 30877
3916 12151
25985 30259
2142 12040
26041 15112
8871 31252
14877 4994
13702 5329
30494 7966
3091 24899
27833 19381
853 5287
22092 5631
22710 7186
15528 13141
15539 13398
15975 2235
32216 14629
12928 4893
24556 28537
22808 9433
29545 20274
3739 7294
303 4097
13580 30931
24184 32134
18329 28188
15631 22197
19571 24728
19389 15486
6364 26702
15108 29613
7042 16906
31248 32271
8459 20898
16363 20182
18161 6525
13552 7742
4240 19286
20610 8305
21117 22078
16126 9128
26650 5600
25581 22932
26471 1801
19583 20476
18203 9576
9781 23719
10996 22162
3549 124
19019 1608
19139 1512
9451 22525
18982 24192
31267 4499
28393 1000
13850 9062
2443 24563
18787 29067
3161 11
7889 16986
20450 6100
9101 30249
31660 5900
5477 27739
26405 22198
2919 14746
1756 8567
27823 4960
14833 6976
18813 5308
3019 19501
19083 16467
15880 21165
10909 25509
11962 228
28249 16273
28368 26957
20057 6683
7378 7844
1919 7534
22482 11011
1416 10269
24223 587
7140 29358
12091 29637
16581 11865
14991 24329
32375 269
94 12319
3823 692
10104 26341
21926 8120
26160 11696
11176 1222
20239 17206
12775 30674
21962 15276
7638 16987
8306 23851
13363 4336
30955 7000
26148 27635
29343 30276
17542 11677
6259 16529
15746 6466
14075 4311
22625 30678
5865 25157
25505 23985
15308 10380
18760 32143
31479 23288
32120 11483
32446 15072
15172 32045
2537 22849
962 3857
3938 8102
4961 522
29233 24651
16765 9686
426 12673
32305 20724
1509 6228
25197 100
28783 18028
1608 9390
1343 28465
4503 16421
4076 30771
15038 14957
31005 2248
10182 3387
20544 15607
26032 11868
7551 32660
27145 23289
4079 20397
21183 10265
23563 29989
22579 31847
24162 26783
9615 22326
22156 29341
2906 2242
20066 17897
16458 16312
367 6453
9305 4089
22689 1022
14874 22171
20036 8886
19022 7985
20017 17953
26035 28237
26179 12800
14620 5443
23307 12013
26566 29487
29893 29574
24554 18233
6282 10445
23951 30743
455 3535
4002 29908
12269 32388
4936 4816
23658 25079
14707 3337
3289 17318
19124 2200
5493 7212
15696 17023
8148 3357
4501 19105
2514 5170
18542 28690
12491 31142
10294 17041
32013 32223
17354 19795
16780 2641
30690 28419
17368 27040
21153 29446
77 19204
6506 20483
32393 5362
24822 12195
18980 19193
27555 9109
25499 2794
16911 11222
15756 25915
14822 29231
6697 5293
24312 24319
23783 22829
29327 27450
9334 31224
29951 21426
16630 13059
28030 4501
23144 4506
25654 15415
23394 1095
17049 14354
29703 8693
3573 22284
18743 27733
12360 19960
9219 4481
17237 9054
13668 28896
4599 31615
16940 26441
17334 26004
19260 9835
26264 3671
1528 7020
19257 31684
14584 10448
26398 13857
20736 14237
12615 572
16947 25532
11523 4340
2435 18339
5897 18426
25196 11057
26819 2009
1250 6617
9709 4916
32648 9219
10335 31567
546 20399
24103 13778
11341 31836
11739 16329
13422 15912
29998 29166
31464 29752
21952 27179
23954 7770
17467 11867
24424 13801
3483 27729
30848 3570
18125 31515
8768 32404
23164 391
29647 24493
10536 26087
25289 5811
28536 27410
31799 15327
26321 7851
10686 6801
21543 31910
22294 4336
30995 27655
3006 4816
6950 30957
19694 21466
5502 28624
23502 23782
10390 15879
9189 4268
31842 15245
28116 25500
2204 16900
10820 19210
22361 13562
26909 10126
21983 24428
20728 11947
10170 19080
10968 6062
12301 29111
22036 4057
17703 30683
14488 14785
16982 16853
32590 15349
27648 6731
17110 8928
23023 17064
25725 6641
23533 5476
14189 16377
3217 7557
18977 6868
1624 18278
25628 28235
28407 3767
3035 31289
19696 19909
10504 25581
23396 4603
5872 20176
20520 6569
15159 26695
18459 24325
29898 27355
19894 21616
30486 23704
11748 13818
25976 3250
3860 5159
17140 5231
32397 31732
2601 24384
26626 24597
388 32305
11111 10113
8117 19076
17667 1328
5215 7065
15301 32035
18708 5138
18907 15014
28288 18996
29569 7122
27108 20367
23 5717
14023 23521
2423 22902
4328 7992
5509 20819
31350 32599
28168 28525
29315 17499
10936 23655
28599 30878
8599 30475
29505 32732
12677 17550
18451 10644
6927 13845
16975 17073
23433 26487
4860 27242
15964 15173
1022 11879
6304 30728
12357 12837
25326 19145
3140 26011
9583 21207
21157 3870
27193 6852
10555 11394
10716 8881
4664 28546
26167 24523
32160 22881
26513 21782
3837 14802
20453 10602
27477 5398
30844 24251
9049 13668
19905 3741
3551 27533
7506 20486
9874 17120
2643 10838
17640 11339
7175 14742
16213 25796
6817 26621
20159 6887
11863 24761
17969 6113
29881 8172
29395 28556
65 17396
14362 31707
30251 1007
15420 10105
16006 28542
14567 19373
31372 23498
17458 9601
13615 8645
9684 9763
500 4531
3219 8843
32260 16360
14336 9822
26497 3795
27234 28179
16150 6715
14064 19540
10194 26569
67 32423
31030 199
15114 13645
14220 22823
18688 21098
26235 10183
27 9319
27097 5107
12806 8085
26816 23596
18386 23315
26340 23079
17897 21745
2083 2073
19523 16789
12894 27442
26332 27230
392 1895
16997 24456
16892 16501
6457 336
25876 19491
27796 9304
9207 6599
24063 21836
17586 21259
15631 32710
13707 23025
7503 31855
29329 26645
2171 19048
27000 13107
8431 30696
20388 15080
18526 32294
7812 9149
7879 5241
10785 17249
28069 16061
1527 16950
21351 6906
11267 30223
17183 12864
6685 23097
11390 20693
22920 18616
24576 10643
9416 22738
868 18571
8115 1746
10847 6382
21963 2310
26513 558
29387 30218
27064 24672
27008 8264
31012 23525
31962 19136
26987 25673
24387 6917
21341 21099
23599 27784
11066 30174
16373 26905
1827 4496
29149 2731
10703 2985
29818 27224
9599 21686
16442 165
11060 18951
11323 15110
23071 5973
22880 2725
9049 23465
21413 20575
5588 5496
23983 18959
9874 6675
6824 25872
18708 7231
2633 6653
27670 1567
2872 13755
11897 10843
22421 13242
24705 4219
12239 3447
9536 24724
10173 9030
18514 12839
18922 8782
7115 16966
1328 3029
29294 21752
6280 16830
2592 17887
28960 15439
31388 3096
11950 19768
31847 13667
16901 5073
7175 7300
23013 1700
11632 24297
4632 13867
5055 21900
6330 11483
12586 5403
15833 4193
4919 14679
8510 26667
12077 32698
29321 11562
17096 30044
30596 1750
11569 15383
19633 22899
21549 10985
5157 2451
27029 19867
1689 6365
9478 1952
6847 12
17881 24128
14034 27195
29014 11766
8305 13663
16676 20246
7853 23573
5636 28082
609 11422
704 6335
2242 28967
25437 19572
19510 27982
29848 31731
14186 21731
32657 24107
11934 8171
28097 509
25412 24555
22833 28061
1482 31331
27886 19772
18868 27800
10680 29924
28653 31894
25338 14755
19295 31606
2047 26091
29633 31965
3426 19769
6832 10181
2758 17141
14082 1152
24776 30873
31319 27641
31538 1814
17648 31806
881 10100
3013 13883
5962 24248
25809 10440
22472 8458
11697 19687
25721 12311
109 30534
5850 14517
27286 780
4623 29637
6801 6610
31447 20062
30514 15598
27584 23848
21901 29688
31127 7941
16648 17543
23587 21239
2485 22332
3859 25918
3295 28162
32564 14272
27619 3987
6119 18862
9537 3135
17619 613
17395 16361
15319 9106
6398 13650
9026 9882
13126 3738
26695 2361
2470 22275
22955 19817
2880 8697
23233 12421
2578 6991
17048 23982
13259 27852
15219 8046
3292 7398
13945 21659
8657 19149
18350 11390
25314 27563
32290 28213
24005 27946
3177 20310
18887 24888
21834 7637
6683 5895
12475 16680
2674 17751
32014 22184
22988 10743
20581 27963
10125 17033
24171 9264
9939 647
26182 12650
7175 10883
15559 4801
22706 9395
18148 28325
10642 2732
30825 26628
27374 14446
10986 26990
14118 4257
24828 11128
25486 22046
18853 31326
16252 16049
6160 32492
18848 8989
901 3742
20372 28769
921 18182
11188 15930
7330 30830
5424 12009
20590 9151
13920 31798
1845 4001
32087 21941
1227 14564
23226 29768
15898 8735
25299 1765
8912 18070
1249 23706
12117 13409
19634 28622
23296 4555
25204 14025
13962 4601
15561 23927
20163 7372
14617 19560
10115 11783
3628 8476
25316 12213
19704 31614
26798 21445
25527 17582
8723 12536
22333 21251
7581 9981
9865 3921
12132 19930
3226 32615
24964 29837
5252 23004
18638 29427
13250 1804
4542 21226
24270 13149
22957 5298
19439 22215
10312 4762
22610 21907
7489 18392
17245 7778
9797 32440
13376 26994
20781 10745
15821 32029
3704 28019
21641 7074
30713 6654
27395 32296
28621 8336
10340 256
11152 16549
27976 25899
32720 30180
6860 19228
32706 26879
20456 19134
17716 26587
4352 19641
29891 10481
3509 2290
21070 24052
30977 20048
31147 22963
10115 30662
3992 19778
26647 12942
32500 24660
19114 31154
5679 10476
18765 27345
6399 17973
1927 22560
6740 8877
7152 15279
12943 8585
6139 28654
26094 15190
16916 20847
20299 19932
13803 11757
25351 9031
24335 9358
24129 29833
446 23397
13899 27386
17916 11835
7262 25921
30946 14991
27020 888
30777 27867
1783 16011
31815 29465
9793 3809
13289 14470
24131 26175
26338 20134
2 233
4723 26504
14302 21002
13356 17739
20237 3925
14081 17121
8520 8173
13984 23059
6852 29314
3330 19141
21092 32445
24128 18300
5165 30175
5801 19229
28666 26277
3857 31736
8305 22638
19307 16388
24117 8607
1947 26220
29533 32071
1669 2635
8998 9215
22378 4788
14820 27669
1396 29686
22847 13545
25999 5662
21659 8598
30331 1213
12760 26325
1823 19435
8764 12319
5921 9867
1965 24594
9651 25041
23076 12310
25264 6658
350 29504
30183 13435
30421 119
20663 15093
17390 2005
15836 31751
12404 22351
9096 5356
13637 21145
11189 18567
1867 8772
18106 18340
20142 24106
15389 20097
24136 14091
15785 15245
32602 25464
12480 879
9597 21488
8690 9802
7899 29258
5838 2624
5278 28754
12791 24373
28585 27063
23931 28629
30086 23845
28513 984
12704 16558
31873 14212
32435 13678
19865 27764
17536 7791
10908 14233
15813 7882
28749 28798
23148 17167
9229 17872
4611 23015
31217 31517
14956 16376
280 13276
14038 8969
27196 28590
4844 103
7302 7139
24139 25223
3239 24128
23610 8684
2596 31999
23445 11595
30449 2072
19211 7406
7490 10175
23946 5462
6046 13358
21238 15652
32565 31396
14625 19002
21619 21422
14584 27165
21973 28325
17402 2461
14588 30328
13807 16313
31232 29611
16086 24509
13574 4000
10527 30381
15893 7446
20506 14310
27429 2543
23216 7427
17529 7734
3665 15614
3887 11360
20013 7831
26134 5842
6823 2554
21695 20132
9478 7580
10455 12197
19310 10854
28083 23967
4368 6933
17965 1756
26269 27361
6319 12264
22272 28508
16781 27801
27724 31134
16280 10829
24819 4767
3824 28531
28986 22244
9753 13389
24809 13662
18769 14579
2375 5519
10273 31900
837 10478
31027 14873
16890 27533
2147 3490
12623 6137
27416 10197
11516 4705
20181 12796
25523 3835
5643 18319
31386 30628
14130 10490
1279 21703
4631 2975
9288 15743
12152 11039
25640 4864
7886 32725
10009 2867
26218 16036
14086 20128
14787 1523
20039 11665
27151 23541
11475 12404
17680 25134
3505 1922
22065 25139
4272 7582
15825 6065
27736 21120
4831 23472
31776 8210
679 5401
32482 12058
8939 4726
6539 7962
10806 12538
29207 1396
621 29889
30397 26578
27047 30296
9574 13765
5438 18816
26468 1453
2855 16687
21857 6360
9598 13528
30613 27374
29797 10988
22077 20620
29199 3233
28232 26927
15640 18162
24147 26708
19736 31975
24535 31197
21879 12054
24737 17847
19075 31850
20611 22202
15551 24611
30538 26832
32382 4382
26351 25178
18353 26199
24082 31951
19454 25772
11939 24742
30482 23012
31971 14455
17207 10479
27275 32605
24105 11119
586 3742
4133 19576
30581 11918
6468 16532
3579 11952
30983 32523
16023 18719
21555 24673
27465 21804
27871 1567
14342 3401
24779 28631
23471 27686
8691 24930
32064 25881
23908 32364
29002 31683
17487 16179
27555 32497
27484 8843
31067 27328
13376 16678
22259 13829
30098 9746
30410 3819
21722 4227
19416 19166
1772 723
11422 3496
27252 17095
